Hmm v1.0

NbStates 10

State
Pi 0
A 0,745667 0,252983 0,00135 0 0 0 0 0 0 0 
GaussianOPDF [8.663663688893386 0.2735760339954306]


State
Pi 0
A 0,078707 0,717479 0,183119 0 0 0 0,020695 0 0 0 
GaussianOPDF [10.317292283930035 0.36284778989789146]


State
Pi 0
A 0 0 0,028119 0 0,970582 0,0013 0 0 0 0 
GaussianOPDF [12.588873701807552 0.2724798240690267]


State
Pi 0
A 0 0 0 0,767867 0,232133 0 0 0 0 0 
GaussianOPDF [17.32789156285286 0.9098839201981453]


State
Pi 0
A 0 0 0 0,179148 0,473313 0,346721 0,000817 0 0 0 
GaussianOPDF [14.411091760950333 0.6448921995710931]


State
Pi 0
A 0 0,01377 0 0 0 0,228799 0,718632 0,038799 0 0 
GaussianOPDF [11.889652994844 0.7362864974873212]


State
Pi 0
A 0 0 0 0 0 0 0,040797 0,959203 0 0 
GaussianOPDF [9.227790198203094 0.6356062966746769]


State
Pi 0
A 0 0 0 0 0 0 0 0,000014 0,469892 0,530094 
GaussianOPDF [6.995993712409535 1.8008381810771805]


State
Pi 1
A 0 0 0 0 0 0 0 0 0,838002 0,161998 
GaussianOPDF [1.2482240188859195 3.180711210521994]


State
Pi 0
A 0,251889 0,124697 0 0 0 0 0 0 0 0,623414 
GaussianOPDF [6.788057442327763 0.498643349124285]


